p <- 1

p

 c<- 2
 
